0 1 2
1089608184073879552 150 5804
1089589687897939969 0 91
1089261994136416256 0 797
1089259355805896706 11249 115935
1089220307246665728 76 2506
1089217280049729536 4114 0
1089217166509916161 1 21
1088950936670633985 11 710
1088950484650479616 182 9209
1088883158982905856 163197 0
1088879155855294464 0 172
1088868189495189504 13 751
1088860190663790592 6466 49711
1088552419842084864 0 33
1088550291694223360 6218 0
1088513633804419072 17 3133
1088511829330939904 49080 277795
1088268684001308673 40 1264
1088254535150100480 148 1198
1088243489530273792 11453 121131
1088230765844811776 0 2
1088207822859325440 48 2018
1088195647847596032 5 1046
1088081252148637703 0 109
1087925707458691073 0 11
1087786841233752064 0 26
1087757339673821184 13823 111252
1087756417639931904 0 11
1087530189569945600 6543 82333
1087453836522840064 35 315
1087417709367685126 128 4920
1087396408678727680 3 771
1087395268448808960 11654 108202
1087224945040515074 40 3208
1087137839198793728 2 89
1086778233851265027 1 543
1086776559761936384 11980 104889
1086764384691544064 7 450
1086699329882972160 447 28357
1086353561154244608 5 1107
1086353055560298497 11 1430
1086352043109806080 5252 42135
1086320847629864961 112 6840
1086302146746695680 96 8071
1086103865873727489 386 0
1086077802040897536 0 9
1086072135557165057 13126 122071
1085978833868578816 35 5211
1085703913146208256 15609 147598
1085643175245492224 0 27
1085620915663060992 1 140
1085585647698497536 9550 108775
1085581734538661889 178 4766
1085577526016012288 0 0
1085356726323298304 14 1337
1085339385673863168 15959 113472
1085279323148345344 0 49
1085277584789663744 0 4
1085276102728273920 253 0
1085019705360949248 2 896
1084992852629819393 13 3944
1084992714784063488 2 1524
1084990509834211328 10 3670
1084988310831931392 4205 106848
1084675414604333056 55 2020
1084627999574687744 0 40
1084558075229552641 0 1
1084258540821381121 0 195
1084209884755841024 24266 189091
1084134830261059585 1 216
1083929929006354433 1 31
1083848440050790401 4 219
1083841960270594048 36 1014
1083791773028237313 67 2761
1083788970750816258 9 1267
1083788293307854848 6006 41230
1083782420854378498 31 1057
1083759168199249920 0 155
1083583446788816896 15 1736
1083532161498648583 13309 122648
1083523740972056576 53 2063
1083468604958539779 0 266
1083157979090898945 1 95
1083155000635940864 5 420
1083092518915530755 84639 524345
1083022140532838401 1 15
1082813951426154496 52 3450
1082809073370910720 23033 142566
1082691458946207745 2 471
1082691215223672832 8186 90223
1082444882214641664 19 2865
1082443095885647872 0 16
1082443003208392704 13 1488
1082442599368216577 8382 90091
1082322651371261953 0 5
1082304923692351490 0 9
1082098518142173185 3 10
1082096879737950209 7903 95498
1082052933166993409 2 95
1082017434821976064 1 24
1081993017521856515 0 7
1081764308906840064 1 27
1081763760027697159 0 105
1081763715102449664 417 0
1081672447794049025 50 1651
1081666154589011969 42 2449
1081664831810342912 9641 104303
1081645109442211840 0 2
1081585142425104384 0 2
1081333645489647616 0 7
1081333485623828481 0 41
1081280671950225408 0 13
1081265794657468418 1 400
1081255238819106816 0 16
1081243783579222016 4542 43223
1081234216900354051 0 26
1081226911366418433 23 317
1080977541035409408 1 14
1080977266547585025 12251 122195
1080926059711918089 0 2
1080909484828942336 0 3
1080885025502121984 0 24
1080861855407575040 0 10
1080859035648344064 392 0
1080674779441610754 0 76
1080674612474712064 29477 0
1080630978199146496 97 1823
1080630021256081408 22745 173486
1080618914827128837 89 5947
1080595037988290560 0 6
1080547050796863489 2 231
1080546550655475712 29 3089
1080514143109697536 2 15
1080474593410859009 0 30
1080473470344007681 0 1
1080301787222081538 31 3541
1080301549090471941 520 0
1080301064237318144 6 1418
1080300391722569728 2 446
1080299306928824320 2297 44155
1080246649631531011 3 143
1080246434425909254 1 16
1080244832772243456 1 76
1080244584540786695 171 5769
1080161436146548736 11 1579
1080156406727217157 4 105
1080155784019935237 1497 26141
1080128608142835712 0 145
1079928055831896066 3 167
1079857988863705089 0 3
1079836398654554115 8 917
1079832105666908160 0 93
1079831735100162049 414 9344
1079815312319627265 176133 404308
1079790941949624320 0 25
1079784909898739712 10 1419
1079750700991737856 0 61
1079558378349838336 3851 60906
1079488756967718912 36 2608
1079486211767656449 8 2045
1079483057009246209 5 641
1079482806366027777 5277 66763
1079408958958456832 0 2
1079140655631400961 0 453
1079138809588137986 6681 83492
1079116672135561216 1 5
1079100156958646272 1 4
1079100013735788544 0 8
1078845917984407552 1 17
1078715542406643712 9 56
1078708962885861377 22 2545
1078699758418644992 75 1784
1078697340960149505 4606 52682
1078678847980216320 0 4
1078462735212572677 0 22
1078007085848240129 0 130
1077988498597134343 1408 16891
1077979079570272261 0 90
1077976428187131904 91 5187
1077764922698797057 4029 54560
1077752281779572737 2 414
1077751891348676608 1 353
1077751671181266944 4681 57882
1077740758499774464 1 504
1077737559772540929 17867 150199
1077725683391049729 1 329
1077724456469049345 5487 51588
1077721478072844288 0 9
1077704424066306049 2517 42938
1077692211893014530 3683 51013
1077672126042247169 5447 51672
1077653968292061184 1 535
1077653470621126657 2 37
1077651903763398657 11567 95167
1077631668922601472 2 149
1077629621699526656 13 501
1077629391163846657 4761 48370
1077623715284860930 0 44
1077620410848546817 10 2139
1077613537139265538 4 382
1077611286685454336 6780 63345
1077596144925065216 14977 123294
1077580665967792133 5669 61065
1077553719351353347 0 4
1077331759967150087 0 36
1077331558904811523 174 8300
1077330909169418240 0 30
1077291612408029184 13 2425
1077257543381078016 0 79
1077231664554749952 1 32
1077006085532368897 23153 154820
1077001149008539648 6 592
1076993213452427266 0 7
1076993174009192450 0 12
1076989449446346754 0 127
1076985046739886080 2 340
1076983855037468682 1 337
1076979009857208320 0 432
1076977933422682114 4 1009
1076976410571489280 5 899
1076922513551253505 0 8
1076916416941617157 14 686
1076916148204126208 0 5
1076887447995334656 0 42
1076627012553502721 4 582
1076626657237258245 5 813
1076626364046999553 8379 99418
1076559527015780352 62457 0
1076509756796346368 22 1476
1076501977209683968 9 1591
1076191729974476800 34580 265181
1076153099428003841 18 984
1075893646245937152 2 350
1075888905608679424 3 502
1075812419866411008 0 15
1075799336339025921 10416 86801
1075785560332124160 0 71
1075740221558456320 1 11
1075539658656894978 19 185
1075512170497171456 0 4
1075473302846623744 0 3
1075470221635403776 0 10
1075431242735210496 11 548
1075410023327690752 6 320
1075194197181952000 11614 100346
1075181789919019008 0 2
1075090072834322432 0 5
1074764313854992390 7 1029
1074762554965155847 0 33
1074754613297979393 1 50
1074739150274875392 3 64
1074726212860227585 4 896
1074724681830277120 8 1440
1074723542741192704 51645 356210
1074407721313669120 50 7625
1074399418365947904 20 2213
1074394859061022720 0 19
1074101036971950083 3 1543
1074098239257874437 0 25
1074097975364849665 0 9
1074075330913148928 2 46
1074061147639345157 1391 0
1074061116966428672 0 173
1074045333951430656 2 183
1074015905804443648 2 807
1074010916683948033 9 2723
1074008012623372294 3038 48246
1073666026615787521 27 3356
1073436114155958276 1 328
1073412461355765761 18361 134605
1073349197561298947 14 508
1073329715476340738 22 606
1073262020999430145 15303 112273
1073035054782300160 34258 0
1072926822948634624 80 2962
1072922208077533184 1190 16116
1072895754996457472 0 23
1072865015085060096 37 1779
1072829630325899266 1 25
1072687849953222656 1 299
1072659991679647745 1238 37354
1072626863720333314 51 3127
1072625191438741506 35 3564
1072624593196732422 50 4250
1072571572446216196 0 3
1072555978451812354 2 8
1072554774355173378 2 135
1072554016930971657 7912 86517
1072330162841247745 12 352
1072325554664280069 1 39
1072322340996964353 16 570
1072308860508086275 13 1161
1072307968073437184 12007 115414
1072246503568216064 2 588
1072246428704169984 0 3
1072184523742437381 16 2270
1072181596235677697 10 2062
1072181384373039108 61 4060
1072177942401376256 13766 123584
1072169453641715714 1 375
1071911102609539079 1 21
1071911004722917376 1 248
1071898204550115328 1 82
1071829255976353793 0 3
1071654157457735680 0 16
1071618168467177472 16352 0
1071541437668442112 0 8
1071540384789131264 1029 11715
1071536296240340992 1 69
1071535883411709954 0 67
1071495632601395200 1 441
1071486708334686208 0 22
1071483663500627973 2 97
1071482058072039427 0 14
1071480467835236352 0 49
1071459237908361216 0 2
1071426895743500293 0 27
1071426601542434824 0 122
1071289187859619840 0 6
1071232623140311041 10 367
1071211442597179392 13 1212
1071210208049938432 6 1146
1071209367846961153 20423 130749
1071137104535674882 0 5
1071125785837215744 0 39
1071098656735064065 0 41
1071095446830006272 0 3
1071085139470508032 0 8
1070847864971124743 4194 44369
1070708144123338753 0 6
1070708095289053184 0 2
1070684033095487488 2487 9750
1070683709483954176 0 234
1070683379585175552 0 5
1070545865524293632 2 410
1070435712078618624 3 706
1070417748528914432 0 24
1070413496494555137 28127 216391
1070398902292090882 6 250
1070120857698226177 10176 88155
1070071278411935746 0 40
1070011800224219136 18089 140914
1069785000508342272 536 5973
1069754325642199043 1 5
1069719435001380865 1 11
1069694942879117312 1 10
1069689838599839744 15799 122797
1069426021085192192 75474 0
1069360695249125376 0 4
1069352496303357952 10 980
1069340378325819393 5 37
1069339103743930369 6 646
1069336755164405760 12 507
1069335748611051528 4216 49117
1069023680452284416 119 2105
1069010145718517760 1 522
1069009819691044865 8965 79073
1068985647929745409 0 3
1068951531163172867 0 3
1068934665116020742 0 3
1068654291907477504 2 289
1068644836104912896 0 168
1068642176500940802 1351 18807
1068635803537104896 0 108
1068601514875383808 0 3
1068553887370625026 2 345
1068549276186435585 22 1346
1068547517069983744 4061 39486
1068494330808147968 6 452
1068250400120340480 0 1
1068193901809491968 1 956
1068191556715405312 0 40
1068191181148958725 36923 238424
1068171489315311617 0 0
1067955340530970624 54852 0
1067954871087833088 10 143
1067943827015643136 0 11
1067941196532719617 14 311
1067857272846598146 0 12
1067855791670083585 9 118
1067837652722946048 18 1595
1067836167595409408 17803 148504
1067826581727531008 1 58
1067806734754988032 0 5
1067676379985121280 3 1738
1067595319087718400 20 1192
1067588276842872832 0 7
1067523579032584192 80 4260
1067520402547724288 29570 231457
1067509354771947521 2 235
1067506649743663104 1 294
1067494820413878273 1 9
1067474858320297985 0 11
1067471121560285184 694 14893
1067470338391506945 0 62
1067468335850360832 0 122
1067467167342440450 1 57
1067466292670726144 8 899
1067465795217883138 1725 10629
1067212347624890368 93681 0
1067175081623912448 0 2
1067161283961778176 1 33
1067133571566051329 1 16
1067120168449523713 0 2
1067110175260188673 1 477
1067107032308817920 7 722
1067106022534406144 0 2
1067105907480383489 2 568
1067104056991207424 22931 160027
1067094043002327042 0 8
1066863777373663233 0 18
1066861708562575360 2 861
1066861535232954369 0 107
1066859164960518145 16989 130540
1066843724183945217 0 10
1066825768049750016 0 2
1066807667644162048 0 4
1066807230283087874 0 19
1066794206981701634 0 10
1066790835973439489 0 119
1066788934682853376 8 686
1066473300690460672 0 19
1066466989441458177 0 2
1066463079196753920 0 5
1066462901324734464 11 1030
1066447320659763200 0 18
1066443577226608640 0 1
1066418007008833536 15 1895
1066414769626853376 7 255
1066413466628571146 6782 71097
1066408593950420992 0 11
1066127426206531587 0 17
1066123849148899328 2 238
1066120512227745794 7784 78238
1066066914127085568 0 98
1066063394548129793 0 6
1066049196220973068 0 33
1066048138069315584 0 45
1066025883448864768 0 145
1066023920380329984 5 351
1066022814044573696 0 135
1066020762019082245 0 239
1066019793109692418 1 289
1066019152345870344 18 858
1066019057919508482 0 112
1066018456330530816 448 8533
1066012242146197504 0 19
1065804581882466304 0 36
1065792516136538113 0 72
1065703750336241664 142 1975
1065674428489629697 22912 118048
1065430526876635136 0 153
1065405792512299010 0 5
1065404969371820038 0 59
1065391630671380480 0 14
1065382351486820353 0 11
1065318101691113472 21 1680
1065297678693818368 14 1290
1065297554617847809 21 1245
1065297128254316547 26656 143719
1065287801648893953 0 10
1065081304239214592 12105 0
1065009092585025536 0 6
1064978638880296962 2 151
1064977336540508169 0 25
1064975688652988416 4 124
1064973545623748608 0 17
1064972080582664192 457 4727
1064968465797267458 0 32
1064967491871535115 0 8
1064935062335045632 11459 91221
1064664691807522816 0 216
1064612654688411655 1 392
1064596109144805376 0 10
1064590022689599488 54 678
1064587828150059009 6 1355
1064586842056593408 31 670
1064584805587783681 259 12310
1064584568223744001 2 985
1064582797233479685 21989 152639
1064324730373705728 2 298
1064324016314482688 15 2016
1064322744312053760 14918 140817
1064279801563947008 0 24
1063957821648187395 71 5544
1063957292327014400 30 3164
1063954974122627072 7475 103060
1063570520912904198 5 690
1063544390826815488 243 6777
1063509111168487425 116 6073
1063507643329859584 25818 104188
1063498091888869377 2 196
1063460459850928129 4627 35144
1063243027186102272 8 523
1063242600734486534 8396 88308
1063106232981037060 7 202
1062869852128468992 25751 175425
1062761090428350467 1 95
1062760954977550339 19 1507
1062759037115207681 10 1062
1062754608840429568 20 1486
1062752297422348288 10659 96479
1062586307384406016 0 32
1062505006140719104 20 2491
1062496616949669893 39 3576
1062495960746655744 1 692
1062495907139215361 5 882
1062495089883299840 15298 132289
1062332791306833920 13 635
1061786619634765824 3 388
1061786106260152320 8572 91364
1061435743120384000 88 2114
1061435549586722816 9 270
1061410017461579776 0 45
1061407128894824448 0 31
1061383030718296064 1 46
1061382825688076288 5 559
1061382266889355264 8926 89367
1061104844889620480 3 92
1061078453448069120 0 124
1060986230635200517 0 12
1060981590061408257 5 136
1060980745018204160 34 2535
1060978943413702656 5 1206
1060976534356406273 4994 37135
1060961769475186688 3 352
1060696863622471680 3 1132
1060696745649278976 1 34
1060695774588231681 5 1194
1060695329669025792 37551 213167
1060355937075163136 6 1534
1060354223290941440 14049 129915
1060285844093878274 0 227
1060280284208345088 6 733
1060220842536251392 10835 105954
1060002124623478784 8 419
1059658430804320256 106 825
1059626008834392064 23731 97729
1059583251830976513 41 1438
1059581705013616641 252421 0
1059563132484534273 5 149
1059508337044262912 8298 81202
1059494852864425986 0 95
1059234287009099776 17055 134638
1059218568401903621 0 9
1059177169124057091 0 11
1059170829043412999 0 30
1059165410438901762 173 0
1059160599567982592 0 26
1058922028055609344 5 114
1058921438223237121 1344 8055
1058778594745442305 1 51
1058777421623820300 8456 85504
1058430534081228801 3 294
1058426862161092610 4 674
1058423611034386432 6854 67897
1058186145467691009 18 744
1057802957876588544 9264 76555
1057777840257675265 0 8
1057774137236688897 0 57
1057769189103013889 8064 70647
1057668882528432134 24574 112796
1057468022582136833 1 37
1057459281866436611 26 1425
1057458418812895232 8 583
1057451441575682054 20 1210
1057439619535552512 14 1816
1057437984289681408 11 1548
1057437226186014720 18115 122378
1057338850287202314 0 42
1057050093520486401 0 20
1057045652901752833 0 162
1057031370239668225 3 127
1057024208167813120 7 608
1057023736753270786 2 94
1057021125899603968 2 215
1057018284728496129 3 383
1057012781520568320 15 353
1057007932968099840 40 2236
1056986080837156864 294 5094
1056761141672665088 32 3325
1056719583770402816 7 1653
1056712707078946816 47063 278711
1056621283260096512 2 186
1056615039870746624 6 828
1056613859748769793 9 1005
1056612914583367680 18253 146107
1056552578236919808 0 97
1056357432861966336 0 2
1056355859373088768 10 1343
1056311753171070981 2 258
1056310126255034368 6585 66067
1056264082213355520 5 49
1056262300301058048 423 0
1056022867417038848 1 437
1055995350966689792 1 392
1055986236299431936 0 90
1055985780647063554 10 1014
1055985345341251584 5522 42644
1055840010560106496 0 8
1055620196809887744 13849 107029
1055504992877056001 0 7
1055215215657152512 13 1183
1055214603313938433 28729 222539
1055207320018243584 0 6
1055144338995310594 0 11
1054938156716486656 41 2116
1054871961954852864 422 0
1054826863925886976 9 1266
1054805000071888896 8 892
1054768453259800576 23 1129
1054767619876810760 9326 88747
1054460314677403648 19 1856
1054457354606010368 16 2884
1054431020194455552 2 570
1054428373043294208 23 1500
1054408186340478978 1 652
1054405887882919936 0 39
1054404664387649540 86 5969
1054404072164548611 174278 690162
1054360498211377152 0 75
1054057928880242688 40 1903
1053872228075556864 0 10
1053824799481438209 1 130
1053785959341400066 0 30
1053758301924745216 0 8
1053728268531261441 0 133
1053721250995019777 4 868
1053720976234549250 5478 70386
1053666852579278848 117229 0
1053385698898837504 0 14
1053369999618908161 0 195
1053367599390736385 2 412
1053367131994230784 5389 50892
1053340122618437632 22 974
1053337829026287617 4387 26489
1053287215814635520 1 57
1053088910610444288 13 780
1053086940038422528 10413 109453
1052985475252854784 0 6
1052978712436727808 0 4
1052803347999350785 9 136
1052714609021517825 470 2545
1052713532666593281 21034 156081
1052704212046491648 1 25
1052665804444061697 2 238
1052600277696700417 1 3
1052598024239759363 1 62
1052591741675728896 3 425
1052591224400568320 15270 112631
1052368859649462272 19409 0
1052334239742615552 0 1
1052309665697161216 32 1714
1052196252593651712 0 2
1052003049340895234 0 366
1052000669069139968 12638 101748
1051982180715499526 4 141
1051981170995580928 0 24
1051891719464255496 3 127
1051886697150074880 13 581
1051881969993310208 0 44
1051877533241802752 4 302
1051876743366238209 0 7
1051874285248229377 727 9925
1051866846138380292 0 1
1051619248844492801 30262 156090
1051594464869974017 6 116
1051555674293985281 0 5
1051546747049259008 144 0
1051178235545964544 3 262
1051135848832483328 0 6
1050821040123912192 63 3397
1050820029489602560 6 104
1050818465936883712 2 734
1050816834549755904 6894 42801
1050541404479516674 14 1344
1050538856557277184 18 2022
1050533693125742594 56376 314361
1050529931476828168 0 6
1050145025210888194 0 23
1050068036382797825 7 646
1050064546596044801 42 2509
1050063880641241088 9 548
1050061159854936064 0 5
1050060975238471680 0 35
1050060555078262784 45781 251830
1049822970661756928 0 16
1049803673910558720 0 22
1049784335119904768 10 295
1049768263297769472 3 758
1049756013610618886 9 1210
1049744821366255616 0 168
1049744129654181889 18967 123582
1049457642144497664 5 1061
1049457003683344384 14077 116859
1049405493721145345 343 3483
1049090228034707458 4 404
1049088845139070977 0 292
1049086836419825664 4 583
1049085727382941696 9886 100631
1049074192342298624 9 138
1048971164293447680 0 86
1048969282288308225 0 5
1048962673948463106 0 6
1048951833811714048 297 0
1048636240566861830 1 584
1048633115936268288 11650 112321
1048591654788222976 25 1048
1048558789446778880 0 10
1048555762245685249 0 9
1048331781202751490 193 3310
1048327420246478848 0 10
1048265334665502720 4 242
1048261417688858629 21 2552
1048260941878575106 4101 41378
1048253921519648769 0 21
1048250260160753664 436 4228
1048072270785261568 0 34
1048014409812074496 2 554
1048013293850439680 18903 123899
1047989938539696133 1 91
1047974191868391425 0 4
1047881649210515458 0 34
1047881249111646213 14318 102781
1047859791291400192 6 460
1047679489327734785 312347 0
1047660227607314432 23 592
1047550660164636672 0 20
1047516707995234304 15199 122774
1047452268067528704 2 17
1047281460732989440 36 2750
1047280821042905089 14751 106973
1047260924602720256 21 577
1047175614669750272 0 101
1047159723886346241 5 895
1047159295199125504 2 533
1047158881514926081 54 2819
1047158593794052097 8083 63770
1046965073326034944 2469 47147
1046919086322667520 15 555
1046834363403579393 85 1911
1046795571774803970 0 31
1046795516682620928 13 1663
1046795163450974214 60279 296164
1046566169086447617 3 379
1046563191340380161 7781 77850
1046166828823851009 3 428
1046165852859633664 7780 78427
1046140550079025154 0 5
1046137587377868800 7 200
1046078141138161664 0 8
1045895464808304640 0 199
1045813065533595648 7 377
1045726170644443137 4758 38266
1045469863232372738 33722 0
1045403974319386625 95 1821
1045320815607263232 0 35
1045109106577682433 0 196
1045104421963788290 0 159
1045102713636360192 0 173
1045102146830704641 302 4845
1045060187671994368 2 573
1045059214538932228 5 897
1045058704138280960 20512 130882
1044803012978446337 1 143
1044742056109854721 0 29
1044741719277932544 12833 111874
1044638367718273025 135 4481
1044389636573925376 4 584
1044388506569707520 5 471
1044388137949155328 12795 90199
1044345254055485440 11 256
1044273377236652032 56 303
1044265740180901888 2 656
1044256489483980800 6 1481
1044255261324660744 20158 138516
1044248866558791680 0 86
1044248673553711104 0 11
1044064655512150016 0 14
1044007784382156801 18 1649
1043991403980881920 28846 0
1043624741154770945 93 3399
1043588365633900544 16 1839
1043587851911421952 7723 66273
1043525701373251584 1 50
1043348201477218305 43 2685
1043240102200324098 0 41
1043238652283895808 0 28
1043211627171119104 572 6795
1043207397802688513 38 3389
1043207152079450113 10 1510
1043205164709163008 5728 35671
1043144804828364800 36 585
1042932879796396038 3 833
1042930295505399808 1 853
1042927905507033089 10170 89869
1042898580040757250 0 6
1042874773276123136 49 1226
1042856974986227715 5 55
1042813684194701313 1 274
1042813303960096770 3 504
1042812955467964416 6691 64817
1042790341039087616 0 8
1042634783191441409 0 75
1042591439010652162 0 312
1042551849520427008 0 2
1042550928547696641 0 73
1042543834486456320 0 9
1042542628498223104 0 210
1042540308062515200 0 34
1042539358765699073 1 103
1042538473431998464 0 4
1042538001660878848 3 271
1042537951874433024 0 2
1042537511841673216 741 8549
1042450753485455360 0 186
1042447293314678786 1 4
1042445594265038849 0 377
1042443680379035649 27632 179086
1042427288783073280 1 7
1042422110671515649 0 7
1042421903179296770 5 50
1042203634111590400 15 955
1042186611956613120 3 345
1042179611650662400 0 26
1042179330867191808 8928 62251
1042063320516321280 0 43
1042052845023965185 14 109
1041912292789682176 13 1423
1041846259664015360 6 611
1041844320805052417 21 1448
1041843530388398081 7880 74117
1041733781189746689 7854 75648
1041722004074913794 1 27
1041720473464254465 25 759
1041488696296525824 71 2569
1041487387703107585 14184 132572
1041431359506604033 6 491
1041395605967396864 6 832
1041390933462405121 9 814
1041386871656472578 8 527
1041381925045395456 21 888
1041068594912784389 0 23
1041019629278318594 105 1187
1040998815950688256 10054 79542
1040738349269622786 1 57
1040657235926568960 0 14
1040651195780661248 805 0
1040643554790572034 1 294
1040641939782156288 3 324
1040640810813931521 243 4579
1040640352938590208 6124 20266
1040443439354204161 16 728
1040382138573627392 1 12
1040377932756201473 1 36
1040271544629555200 17780 130646
1040248067482705921 0 12
1040245706836070400 1 11
1040091701656858624 1 79
1040064649121726465 2 150
1040035413258371072 2 550
1040034688545513473 10139 90996
1039952984011169799 0 228
1039950318463840256 466153 0
1039937673459380226 0 125
1039929980501807105 0 10
1039914021846228994 23 543
1039907503956471808 0 64
1039674477431451648 8702 67840
1039555936120123393 494 0
1039337600258072576 0 4
1039302628365279232 3 393
1039301999580180480 42887 199380
1039297074360201216 3 369
1039230196493242371 29 1722
1039215895866953728 0 304
1039213214238687232 1 780
1039212620040032259 6948 62263
1038949748739387396 0 4
1038949627628843008 7 731
1038947334732873731 20380 115354
1038850643228876800 93649 0
1038811129592655873 28 2537
1038537255860805632 356 0
1038537233354108931 61 3901
1038368996238741504 1 35
1038140789073883141 1 285
1038133518596022284 0 356
1038132323429048320 0 229
1038130242659999748 4074 33379
1037881803112165376 0 17
1037869225485000705 13030 100209
1037743790633705473 0 99
1037505505143468032 23 998
1037490306202181632 10766 83836
1037458135764664320 2 27
1037427759965003777 2 139
1037411581905317892 0 41
1037406896087552001 0 10
1037397251168063488 0 49
1037133899812548608 5 628
1037131532442460161 0 13
1037131379769794560 7 898
1037130675898470400 0 277
1037130616452603904 0 248
1037129657580244992 23568 112191
1037038857617858561 4 267
1037026428255182848 1 33
1037024656107229184 10 556
1037024179940478976 6131 62769
1036978876562464769 3 454
1036697153022906374 1 598
1036696803163467776 28905 171612
1036420448307826688 1 149
1036408950948876289 1 265
1036397038051713025 4 556
1036395995993661440 12313 97798
1036353110866882565 207859 0
1036348888083386368 0 1
1036275914169102337 2 267
1036040991025885185 0 18
1036003762756886529 6 148
1035990014377820160 2 435
1035987263451226112 0 45
1035987138326749194 4 385
1035985322977439744 8163 73877
1035905821153140736 0 4
1035904572051660800 0 0
1035765793643024384 4 660
1035765430739185664 0 3
1035569882367188992 0 101
1035565804258054145 0 144
1035564245126135808 3876 24785
1035316013619965953 0 3
1035305247734984706 0 7
1035304660809207808 0 259
1035304594086211584 0 22
1035297468450320385 9 808
1035296803019804679 1 618
1035296038603644928 34611 157905
1035252337806372866 0 12
1035208284515561472 6 703
1035195671953977344 4982 58150
1034971716274069507 1 80
1034901168043057153 0 70
1034882626526609408 0 60
1034874722662662145 105849 0
1034841758784475136 0 3
1034840754416480256 2 155
1034839076107681793 1 5
1034838518063935488 0 32
1034833140441858048 1643 19096
1034674451349168133 10 577
1034673970992369664 44 2806
1034596197946863616 5680 53740
1034566261240483841 0 6
1034550615358275584 0 10
1034550337154306049 0 2
1034516829811757056 462 0
1034471171499196416 22586 112576
1034438135088914432 0 9
1034225571528695808 8551 75633
1034195157791297536 0 5
1034175263175843841 0 55
1034110152620814337 1 32
1034093493868744706 2665 33950
1033870547002773504 4 719
1033869231056670721 13338 103797
1033780515646697475 2 143
1033751555751772161 29 2362
1033749752809177089 17323 0
1033472339118317569 0 42
1033472220755058688 323943 0
1033455757612732416 387 0
1033432677028904966 3922 47727
1033204283477516289 1 5
1033204013964120065 0 41
1033134234838425600 2 211
1033112574919929856 2341 0
1033107791081340928 4 239
1033106300027236365 0 10
1033099700323409920 1 23
1033089212357197825 0 3
1033076392240599040 4 434
1033043208807231488 2 490
1033028629805125632 20 850
1033026665046265856 3498 28346
1032761464308879365 20 1305
1032757340389470208 5 699
1032735309719580673 7 1050
1032726026865057793 5 712
1032725635888803841 87789 379614
1032372766240985089 9 366
1032372299540848642 0 8
1032351307099762688 0 6
1032346606971039745 120 0
1032313134650941440 32 2812
1032310288652152832 35516 153483
1032058232087437312 0 8
1032057068537212933 7144 55568
1032047702241148929 11 813
1032038386792648705 0 117
1032027763014868993 0 2
1032018527887220736 0 6
1031966047325356033 2 407
1031951621729734663 405 10231
1031951274202292225 6 867
1031950788178980866 11658 71164
1031905507165040640 4 48
1031696422813544448 7312 59498
1031666593942646790 0 81
1031631625296199680 0 9
1031617249289883649 17 1477
1031588593695948802 0 6
1031575693480656897 0 126
1031574738085322752 1 68
1031570115073138690 0 82
1031564144724594688 0 97
1031561686111723520 4 502
1031556656612749312 254 5510
1031350513584009216 14089 0
1031321085558644736 7 1345
1031320795774103553 13106 87800
1031243784753950720 70 2109
1030983151852695554 2 39
1030942805529649152 0 5
1030931660857110528 12451 0
1030928623849664512 0 11
1030924072174198784 0 73
1030920843134742528 0 57
1030919712878878722 0 65
1030888708822769664 4 311
1030887588553519104 0 11
1030865112842821633 144 2976
1030830175813087232 3 409
1030798259671969792 0 41
1030609898638372864 0 7
1030567331804708864 0 5
1030509710590525440 7 351
1030492702373294080 3 1218
1030492430070632448 3 59
1030489848778502146 0 15
1030489762895941635 13 1962
1030488154036424705 3 457
1030483378548744192 5035 38108
1030228705728184326 0 13
1030204962670866432 30 1679
1030151217354301445 0 4
1030133806177628161 0 9
1030092881577615361 0 16
1030079525412110336 0 11
1030065778484232192 9 281
1029928227027013633 3 46
1029887677657755648 10 1443
1029884540511301632 103755 358657
1029860303406809088 0 5
1029791529659977729 53 1074
1029773293279240192 8 526
1029772590817136645 0 9
1029767403545288706 16152 108481
1029741672723345408 0 1
1029550934408486912 83486 0
1029419918121418752 0 4
1029409621394513920 813 0
1029407112961646592 0 5
1029398456052396032 0 84
1029358069350916098 2 34
1029186934114078721 8 686
1029186067067490304 0 114
1029157506264838144 1 339
1029157072498253824 41974 206616
1029099007308652544 0 1
1029093178366984193 0 7
1029093085144330241 0 10
1029076351230377984 0 103
1029068398779617280 2 170
1029061852242817024 0 4
1029061723918135299 0 98
1029061626446659586 2 28
1029057997736165378 0 75
1029057542826196993 0 4
1029056713331236867 0 1
1029051498691473408 0 2
1029044767852781568 0 494
1029040622882246657 654 0
1029035012182695936 487 8742
1029008079998910466 0 14
1028778797401866240 13067 107262
1028741685805821952 0 58
1028728041206362112 0 74
1028668104526712832 0 3
1028655321634545664 181343 0
1028425137215995905 17 1376
1028412385353191426 0 357
1028410330416918528 6829 78663
1028404421540032512 0 3
1028403961047339008 0 1
1028403200489975808 0 0
1028400421222502400 0 0
1028398237235826688 0 0
1028397566193328130 0 0
1028395536905166848 0 0
1028395312560263168 0 0
1028394365083779073 0 0
1028393836999892992 0 0
1028392183286530048 0 0
1028390776969936897 0 0
1028390591493693441 0 0
1028388422065434624 0 0
1028387267931336704 1 0
1028387119662694400 0 0
1028386584012316673 0 0
1028384046181638144 0 1
1028380526141308928 0 1
1028380073223577600 0 1
1028374684792893440 0 0
1028374021140754432 0 0
1028372861621219329 0 0
1028371826601160704 0 0
1028371175896829952 0 1
1028369703045980160 0 0
1028367855551635456 0 0
1028366425734373377 0 0
1028365122396254208 0 0
1028364438217191424 0 0
1028363554963910656 0 0
1028362759820341248 0 0
1028361714994049024 0 0
1028360935793205248 0 1
1028360404508991488 0 0
1028358606876336128 0 1
1028357159929569280 0 1
1028356940231921664 0 0
1028356520109473792 0 0
1028356096186957824 0 1
1028355355019890688 1 4
1028354828458582016 0 0
1028353957008093184 0 0
1028353006926843904 0 0
1028352915432325121 0 0
1028352785467592705 0 0
1028352193798144000 0 0
1028351867837771777 0 0
1028351495870341120 0 3
1028351457014104064 0 1
1028351182190784512 0 0
1028350761464291328 0 0
1028348904587194368 0 0
1028348519520718849 0 0
1028347753477230592 0 1
1028347345686081536 0 0
1028347341051289603 0 0
1028345967139934209 0 0
1028345322383147009 0 0
1028343932906696704 0 0
1028343378344214529 0 0
1028340975402332160 0 0
1028339533241176064 0 2
1028338888597594112 0 1
1028338560363950080 0 1
1028338340125323264 0 0
1028338335180185601 0 0
1028337577055510528 0 0
1028336149515841536 0 0
1028334956508893184 0 0
1028334676685942784 0 0
1028333852584865792 0 0
1028332958103392256 0 0
1028332223584301056 0 0
1028331931618824192 0 0
1028331101356322816 0 0
1028330867679088640 0 0
1028330599436578818 0 0
1028330101643960320 0 0
1028329254851756033 0 0
1028329129513443328 0 0
1028328397087240192 0 0
1028325879682723840 0 0
1028325096857907200 0 0
1028324794834411522 1 1
1028324362191953920 0 0
1028324220688687106 0 0
1028323104827695104 0 0
1028323073001324546 0 0
1028322335277821953 0 0
1028322049314283521 0 0
1028321214714892288 0 0
1028320594838704129 0 0
1028320308229431297 0 0
1028318814558011392 0 0
1028317835989151744 0 0
1028317287596535808 0 0
1028316834628431872 0 0
1028316281869484032 0 0
1028315721560776705 0 0
1028315040779132928 0 0
1028314968658083840 0 0
1028313106206740481 0 0
1028312315802791936 0 0
1028312176895770624 0 0
1028311625411911681 0 0
1028310805240995840 0 0
1028310503519444992 0 0
1028310134169071616 1 0
1028309583008165888 0 0
1028309580730720256 0 1
1028309427391057923 0 0
1028308458183962624 0 0
1028308145041358848 0 0
1028307833253593089 0 0
1028307568492404742 0 0
1028306411518742528 0 0
1028306264386809856 0 1
1028306045423116289 0 1
1028305796633751553 1 0
1028305598427815936 0 0
1028305470866382848 0 0
1028305453581647872 0 0
1028305395289227264 0 0
1028305242570420229 0 0
1028304948931358721 0 0
1028304491475427328 0 0
1028304296935182338 0 0
1028304279092645888 0 0
1028303559513628672 1 1
1028302955844255746 0 0
1028302898604593152 0 0
1028302894817144832 0 0
1028302629972017155 0 0
1028302346093129728 0 0
1028302218099752960 0 0
1028301167254753281 0 6
1028300518366400512 0 0
1028300246026084352 0 0
1028300072163799040 0 0
1028299716411285509 0 0
1028298693315686401 0 0
1028298662466600960 0 0
1028297011068452864 0 0
1028296028590489600 0 0
1028295558371336192 0 0
1028295460186861570 0 0
1028295320877195266 0 0
1028295269807480832 499 0
1028295268649844737 0 1
1028295235409858565 0 0
1028294714246615041 0 0
1028293839801311232 0 0
1028293519041949697 0 0
1028293175683600385 0 0
1028293158176665600 0 0
1028293054388555777 0 0
1028292839510179840 0 0
1028292531702849537 0 0
1028292486072918016 0 0
1028292209420816386 0 0
1028292075610038272 0 0
1028291754896674816 0 0
1028290993601241088 0 0
1028290159509352448 0 0
1028289931716616193 0 0
1028289723784093696 0 1
1028289706344075264 0 0
1028289634743156737 0 0
1028289394225045504 0 0
1028288176601722880 0 0
1028286694578053120 0 0
1028285639890857986 0 0
1028285347594027008 0 0
1028285207395196928 0 0
1028285052717649920 0 0
1028284867228852224 0 0
1028284588718604289 0 0
1028284262347231232 0 0
1028284002472325120 0 0
1028283204623462400 0 0
1028283103112876032 0 0
1028283045726498816 0 0
1028282716502994944 0 0
1028282195431944194 0 0
1028280982321868805 0 0
1028280057179979777 0 0
1028279567012659200 0 0
1028278897018695680 0 0
1028278743545012229 0 0
1028277939907964928 0 0
1028277094491414531 0 0
1028277035787907072 0 0
1028277004959772672 0 1
1028277000887132160 0 0
1028276536904830977 0 0
1028276478037741570 0 0
1028274999486951425 0 0
1028273972708667393 0 0
1028273307227836416 0 0
1028272976553074689 0 0
1028272946018566144 0 0
1028272761230118912 0 0
1028272622553845761 0 0
1028272618489577473 0 0
1028271972596076544 0 0
1028271831898251267 0 0
1028271679212990465 0 0
1028271429064654848 0 0
1028271206682611712 0 0
1028270994857709569 1 1
1028270356501487616 0 0
1028269994193211392 0 0
1028269699757469697 0 0
1028269229475155968 0 0
1028269103025246215 0 0
1028268652552839168 0 0
1028267486225940486 0 0
1028267427748929536 0 1
1028267190405885954 0 0
1028266875740798977 0 0
1028266152517021696 0 0
1028265865102254081 0 0
1028264880351019009 0 0
1028264666944827392 0 2
1028263744780922880 0 2
1028263364269494275 0 3
1028262711170232321 0 1
1028262460489228288 0 1
1028262178275581953 0 1
1028261740532776960 0 1
1028261722627428352 0 0
1028260691117924353 0 0
1028259820749504513 0 0
1028259357044039680 0 0
1028259002692460546 0 0
1028258699784015872 0 1
1028257871148933120 0 0
1028256781418426368 0 0
1028256682420330496 0 0
1028256638501711873 0 0
1028256581073305600 0 0
1028256536970186752 0 0
1028256187530133509 0 1
1028255053478412288 0 0
1028254868572524544 0 0
1028254430032871424 0 0
1028254239028441088 0 1
1028253869132865536 0 0
1028252668488118272 0 0
1028252571180253184 0 0
1028252505430343680 0 0
1028252407333933056 0 0
1028252308029632513 0 0
1028252250857070593 0 1
1028249767376125953 0 1
1028249218224283649 0 1
1028248828120465409 0 1
1028248251378462722 0 0
1028248247461064705 0 1
1028247947425665031 0 0
1028247132363403264 0 1
1028246166645891072 0 0
1028245404473745408 0 0
1028243597584347136 0 0
1028243459956600832 0 1
1028242715119505409 0 0
1028242629866139648 0 0
1028242013643145217 0 0
1028241835611832326 0 0
1028241048483418112 0 0
1028240609935409152 0 0
1028240579321159681 0 0
1028240347078377473 0 0
1028238610942685185 0 0
1028238133635108869 0 0
1028237710593417216 0 1
1028235635784540160 0 0
1028235390195359744 0 0
1028234552760623104 0 0
1028233548887515136 0 0
1028233474040160257 0 0
1028233058476912640 0 0
1028231449005047808 0 0
1028231364166873090 0 0
1028231211733278720 0 0
1028231154187423744 0 1
1028229741361295362 0 0
1028229657320013824 0 0
1028229402742538242 0 0
1028227733057224705 0 0
1028226396986826752 0 0
1028225043984134149 0 0
1028224982122262528 0 0
1028224707072389120 0 0
1028224393468497920 0 0
1028223704528867329 0 0
1028222333788479488 0 0
1028221416930308096 0 0
1028221037584871426 0 0
1028220764359602176 0 0
1028219567800107008 0 0
1028219264891666432 0 0
1028219206771204098 0 0
1028219121073147904 0 0
1028219062181015554 1 0
1028218546244018176 0 0
1028218286536675328 0 0
1028218282325696513 0 0
1028215385659662342 0 0
1028215272904085505 0 0
1028214717758619648 0 1
1028214699693813760 0 0
1028213456682418177 0 0
1028212604966031360 0 0
1028211418112258049 0 0
1028210997310369792 0 0
1028210791844012033 0 0
1028210584259506176 0 0
1028208432631836672 0 0
1028208090137616384 0 0
1028207708720119808 0 1
1028207439726829568 0 0
1028207137896325120 0 0
1028205888098594816 0 0
1028205320118525952 0 0
1028204528288522241 0 0
1028203307666296832 0 0
1028202900881690624 0 0
1028202828840427520 0 0
1028202445384470529 0 0
1028202441987129344 0 0
1028202281500463110 0 0
1028200863360110594 0 0
1028200632337879040 0 0
1028200479442911233 0 0
1028200080715599872 0 0
1028199727198683137 0 0
1028198634305642496 0 0
1028198575262453760 0 0
1028196274804162560 0 0
1028196014837051392 0 0
1028195351763738625 0 0
1028194698186215424 0 0
1028194116838936576 0 0
1028194086358941696 0 0
1028193906041663488 0 0
1028191875008684033 0 1
1028191666526511105 0 0
1028191447520968705 0 0
1028191416868990976 0 0
1028190404837965824 0 0
1028190319018369024 0 0
1028189560797163520 0 0
1028189249990840320 0 0
1028188604449738752 0 0
1028188167533289472 0 1
1028188136898101248 0 0
1028188119009452033 0 0
1028188101636546561 0 0
1028187407340822528 1 1
1028187189136384001 0 0
1028187158253694976 0 0
1028186711614873601 0 0
1028186625774211073 0 0
1028186137032974336 0 0
1028185297194897408 0 0
1028184826078101506 0 0
1028183966833029120 0 0
1028183477676433408 0 0
1028182944639139840 0 2
1028182847104798720 0 0
1028182574265294848 0 0
1028182313610358784 0 0
1028182174061588480 0 0
1028181834960527360 0 1
1028181356566564865 0 0
1028181339244126208 0 0
1028180836225507329 0 0
1028180413003456512 0 1
1028180127262232576 0 0
1028179906331521024 0 0
1028179387445735424 0 0
1028177502978469888 0 0
1028176803507007488 0 0
1028176359959351296 0 0
1028175657866391553 0 0
1028173995063922688 0 0
1028173964164513792 0 0
1028173798132961280 0 0
1028173606386192384 0 0
1028173575784558592 0 0
1028172592367120384 0 0
1028171870338572289 0 0
1028171538418171905 0 0
1028170396921556992 0 0
1028170232496414721 0 0
1028170107392913408 0 0
1028169780845400064 0 0
1028169682417639425 0 0
1028169636578119680 0 0
1028168769548349440 0 0
1028168712249991169 0 0
1028168531068649472 0 0
1028168189803286528 0 0
1028167995888041984 0 1
1028167924979093504 1 1
1028167322593255424 0 0
1028167292071235584 1 1
1028166790080225281 0 0
1028166692466176000 0 0
1028166416602525696 0 0
1028166142563561475 0 0
1028165351933005824 0 0
1028165241010454529 0 0
1028164845214941186 0 0
1028164774431870976 0 0
1028164210235043841 0 0
1028163881535819776 0 0
1028163524550221824 0 0
1028163158475567105 0 0
1028162966548447232 0 0
1028162662662733824 0 0
1028162602910670850 0 0
1028162599114788864 0 0
1028162500645122048 0 0
1028162316238348295 0 0
1028161626447343616 0 0
1028161581404774400 0 0
1028160713368322048 0 0
1028160641540882434 0 0
1028160542953811970 0 0
1028160525643931648 0 0
1028160320387264513 0 0
1028159790810157056 0 0
1028159693259198464 0 0
1028159649093058561 0 0
1028159374659710976 0 0
1028159004843724801 0 0
1028158167761313792 0 0
1028157594718728193 0 0
1028157346617278464 0 0
1028157067935199233 0 0
1028156764762435584 0 0
1028156573451935745 0 0
1028156324775780352 1 1
1028155876597673984 0 0
1028155236408418305 0 2
1028154069909524482 0 1
1028153809913008133 0 1
1028153751943573504 0 0
1028151901139791873 0 0
1028150860721807361 0 0
1028150789896691712 0 0
1028150757655109632 0 0
1028150269261971456 0 0
1028150023823867904 0 0
1028150005578706946 0 0
1028149746295234561 0 0
1028149496507559936 0 1
1028149408662048768 0 0
1028149188410798080 0 0
1028149010291339264 0 0
1028148951898193920 0 0
1028148905324642304 0 1
1028148328079314946 0 0
1028148162286874624 0 0
1028147885307715584 0 1
1028147853959417856 0 0
1028146617302564864 0 0
1028146290620657664 0 0
1028146105651884033 0 0
1028146085183643648 0 0
1028145848654295040 0 0
1028145817679355904 0 0
1028145596782137347 0 0
1028145389579296768 0 0
1028145345216229377 0 0
1028145259761479680 0 0
1028144739512512512 0 0
1028144504816066561 0 0
1028144276738166784 0 0
1028143325868486657 0 0
1028143295308820481 0 0
1028143022720991233 0 0
1028143005033627648 0 0
1028142865971474432 0 0
1028142696915853312 0 0
1028142530846576640 0 0
1028142112892641280 0 0
1028142077635223552 0 0
1028142075353620480 0 0
1028141950459736064 0 1
1028141833853919233 0 0
1028141829307416576 0 0
1028141273289375744 1 1
1028140881478467584 0 0
1028140513164058624 0 0
1028140454510911489 0 0
1028140288470999041 0 0
1028139918273306630 0 0
1028139832470433792 0 0
1028139618934214656 0 0
1028139494304768000 0 0
1028138891897798656 0 0
1028138861258362881 0 0
1028138371409801216 0 0
1028138313960501248 0 0
1028138201901281280 0 1
1028137119447887872 0 0
1028137021636661248 0 0
1028137003991293952 0 0
1028136663673790465 0 0
1028136602709573632 0 0
1028136597848375296 0 0
1028136527132483584 0 0
1028136062160236544 0 0
1028135990609604608 0 0
1028135743657369600 0 0
1028135564933910528 0 2
1028135169880805377 0 0
1028135112620163072 0 0
1028134852686622720 0 0
1028134618745040896 0 0
1028134355888005120 0 0
1028134323780644864 0 0
1028134321607995393 0 0
1028134126409330689 0 0
1028133960667164672 1 1
1028133953436184576 0 0
1028133720711000065 0 1
1028133676603731970 0 0
1028133332666572800 0 0
1028133201678454784 0 0
1028132994593112065 0 0
1028132719157342209 0 0
1028132714526912513 0 0
1028132683803586560 0 0
1028132337022726144 0 0
1028132266348666882 0 0
1028132195771199488 0 0
1028131475583983616 0 0
1028131404758958080 0 1
1028131234440826880 0 0
1028130932044120064 0 0
1028130766897569793 0 0
1028130309957533698 0 1
1028130172619259904 0 0
1028130037541695488 0 0
1028129777608081409 0 0
1028129718434914304 0 1
1028129673870331904 0 0
1028129656359157762 0 0
1028129584150020096 0 0
1028129581977366533 1 0
1028129390440247296 0 1
1028129156901494784 0 0
1028129070716936192 0 0
1028129053507649537 0 0
1028129022629175296 0 0
1028128978559590400 0 0
1028128367206232066 0 0
1028128079527403520 0 0
1028127948904181760 0 0
1028127931539701760 0 0
1028127672113618944 0 1
1028127562906525696 0 0
1028127519088685057 0 0
1028127331334799360 0 0
1028127253249421312 0 0
1028127182395068416 0 1
1028127042879905793 0 0
1028126985187291136 0 0
1028126837136736261 0 0
1028126721130680320 0 0
1028126456285560833 0 0
1028125700132229121 0 0
1028125655815282689 0 0
1028125650664607744 0 0
1028125551603605504 0 0
1028125520985128961 0 0
1028125435039608832 0 0
1028125201337278464 0 1
1028125184144732160 0 0
1028124935724519425 0 0
1028124831726723080 1 1
1028124490956300288 0 1
1028124386207776768 0 0
1028124340796018688 0 0
1028124308994895872 0 0
1028124184042397696 0 0
1028123914398879744 0 0
1028123652032581632 0 0
1028123649788633088 0 0
1028123576317034496 0 0
1028123357705777152 0 0
1028123148871323649 0 0
1028122930109079552 0 0
1028122232235515904 0 0
1028121944736952320 0 0
1028121738519822336 0 0
1028121567278981121 0 0
1028121429869441024 0 0
1028121385841786880 0 0
1028121230144983041 0 0
1028121225879465984 0 0
1028121019616178176 0 0
1028120988859297793 0 0
1028120957649469440 0 0
1028120899940102144 0 0
1028120812593721345 0 0
1028120810106437632 0 0
1028120749473558528 0 0
1028120718939021312 0 0
1028120538692997120 0 0
1028120440609226752 0 0
1028120339199361025 0 0
1028120079836139525 0 0
1028120034680266752 0 0
1028120017504616450 1 0
1028120000005955584 0 0
1028119955953180672 0 0
1028119911749439490 0 1
1028119822695981056 0 1
1028119584899969024 0 0
1028119392519770112 0 0
1028119334147653632 0 0
1028119055616552960 0 1
1028119051770286081 0 0
1028119018031312897 0 0
1028118740917837824 0 0
1028117966460608512 0 0
1028117867546300416 0 1
1028117795303612416 0 0
1028117723497123840 0 0
1028117511974219776 0 0
1028117332869017600 0 0
1028117330365014018 0 0
1028117256893431810 0 0
1028117169085722624 0 0
1028116990181818369 0 0
1028116428061175808 0 0
1028116224150974465 0 0
1028116166642814976 0 0
1028116164457582592 0 0
1028115916062519296 0 1
1028115913675956225 0 0
1028115490411970560 0 0
1028115379543924736 0 0
1028115321431851008 0 0
1028115201357303808 0 0
1028114969445851137 0 0
1028114517031415809 0 0
1028114512346378240 0 0
1028114321077723141 0 0
1028114234725421056 0 0
1028113937609289733 0 0
1028113844705456128 0 0
1028113378240225281 0 1
1028113177014194178 0 1
1028112917856538624 0 1
1028112803624771584 0 1
1028112477060386816 0 1
1028112446123167747 0 1
1028112266405732352 0 1
1028112072679206912 0 0
1028112055398612993 0 0
1028112038210334725 0 0
1028111683275776007 0 1
1028111437137240064 0 0
1028111379734048768 0 1
1028111096995958784 0 0
1028111009225928705 0 0
1028110978007724032 0 0
1028110792984412160 0 0
1028110708079120385 0 0
1028110610444079104 0 0
1028110606338060294 0 1
1028110562285084672 0 0
1028110450221707265 0 0
1028110419578085376 0 0
1028110306138976256 0 0
1028110271452069890 1 1
1028110123376361472 0 0
1028109991629078533 0 0
1028109875295862784 0 0
1028109817817120768 0 0
1028109760384528384 0 0
1028109739295531008 0 0
1028109487557623808 0 3
1028109457039847425 0 1
1028109392263041024 0 0
1028108929241239552 0 0
1028108780825763840 0 1
1028108775897481217 0 0
1028108757744508928 0 0
1028108083745054720 0 0
1028107859140046848 0 0
1028107731335434241 0 0
1028107685718179840 0 0
1028106943963910144 0 0
1028106926528200704 0 1
1028106855002791937 0 0
1028106770470723584 0 0
1028106739789398016 0 0
1028106734127071232 0 0
1028106623355478017 0 1
1028106578463870978 0 0
1028106441205268480 0 0
1028106276188741634 0 0
1028106076334379008 0 0
1028105827993841665 0 1
1028105593087639552 0 0
1028105575928803328 0 0
1028105424258531329 0 0
1028105407196160002 0 0
1028105255110602753 0 0
1028105008959512576 0 0
1028104668461719552 0 0
1028104651114041350 0 0
1028104648912068608 0 0
1028104576350609408 0 1
1028104559078465536 0 1
1028104527247900674 0 0
1028104496147193856 0 0
1028104478593961984 0 1
1028104473837629440 0 0
1028104402823917568 0 0
1028104385035816966 0 0
1028104273744224256 0 0
1028104213211971584 1 0
1028103905429712896 0 0
1028103737313648640 0 0
1028103665704304640 0 0
1028103291706589184 0 0
1028103192079290369 0 1
1028102919470514176 0 0
1028102821168594945 0 0
1028102803799990272 0 0
1028102757364854784 0 0
1028102602360160256 0 0
1028102568533057537 0 0
1028102548979236866 0 0
1028102517853323264 0 0
1028102484705730560 0 0
1028102371434352640 0 0
1028102159206776832 0 0
1028102128525430784 0 0
1028102124666646528 0 0
1028102026054459392 0 0
1028102022044704774 0 0
1028102004617310208 0 0
1028101987319988224 0 0
1028101847054077952 0 0
1028101776027705344 0 0
1028101622713339905 0 1
1028101497429487617 0 0
1028101466634903554 0 0
1028101300397912064 0 0
1028100997686603776 0 0
1028100977096712193 0 0
1028100890966675456 0 0
1028100759336800257 0 0
1028100728470949888 0 0
1028100683122130945 0 0
1028100638326968321 0 0
1028100580885946369 0 0
1028100441182068736 0 0
1028100330024624129 0 0
1028099887135506432 0 1
1028099706470129664 0 0
1028099527884988416 0 1
1028099456153968641 1 0
1028099384397840384 0 0
1028099367167639553 0 0
1028099336612151296 0 0
1028099332380090368 0 0
1028099287341654016 0 1
1028099267737542656 0 0
1028099205020057600 0 0
1028098944033730560 0 0
1028098783127646208 0 0
1028098749359255552 0 0
1028098747060764673 0 0
1028098696905256960 0 0
1028098694510403584 0 0
1028098526197121029 0 0
1028098455195930624 0 0
1028098275272867840 0 0
1028098080392982529 0 0
1028097956052840450 0 0
1028097924398346242 0 0
1028097127304454144 0 0
1028096811213324290 0 1
1028096808864468992 0 0
1028096749859102720 0 0
1028096743827628032 0 0
1028096667810066432 0 0
1028096596922093568 0 1
1028096498242736128 0 0
1028096279123906560 0 0
1028096072743182336 0 1
1028095961329881089 0 0
1028095847634890752 0 1
1028095830404681729 0 0
1028095812973166593 0 0
1028095768870055936 0 0
1028095442989592577 0 0
1028095315096657920 0 0
1028094928637706240 0 0
1028094880445214721 0 0
1028094688970989568 0 0
1028094455872552960 0 0
1028094193040687104 0 0
1028094040200208385 1 0
1028093799271096320 0 0
1028093684632281088 0 0
1028093636334903296 0 0
1028093576100503553 0 0
1028093521935269888 0 0
1028093423301971968 0 0
1028093337440403456 0 0
1028092928046948352 0 0
1028092910791680000 0 1
1028092865983873027 0 0
1028092780650741761 0 0
1028092453692166144 0 0
1028092449724362754 0 0
1028092403700232192 0 0
1028091953831796736 0 0
1028091799464640512 0 1
1028091582505861120 0 0
1028091509336289281 0 0
1028091383976882176 0 0
1028091129181290496 0 0
1028091120708775938 0 0
1028090892639326208 0 0
1028090599851810816 0 0
1028090391516475392 0 0
1028090389360599040 0 0
1028090255973347328 0 0
1028090212071616512 0 1
1028090193415303178 0 0
1028090029225078784 0 0
1028089997746819072 0 0
1028089881510047744 0 0
1028089843895566336 0 0
1028089839801921537 0 0
1028089793920434176 0 0
1028089746612936704 0 0
1028089532212596736 0 0
1028089421407481856 0 0
1028089361244409856 0 0
1028089343716421632 0 0
1028089204901699584 0 0
1028089006360223745 0 0
1028088867209900034 0 0
1028088729393553408 0 0
1028088711852871680 0 0
1028088535847297024 0 0
1028088386202914816 0 0
1028088363906002945 0 0
1028088172754788352 0 0
1028087812153700352 0 0
1028087316160503808 0 0
1028086849116360705 0 0
1028086764626272257 0 0
1028086502171926529 0 0
1028086431359463424 0 0
1028086413323993089 0 0
1028086395745656832 0 0
1028086233417666560 0 0
1028086148541775872 0 0
1028085960972558337 0 0
1028085740406595585 0 0
1028085629400178688 0 0
1028085530435575810 0 0
1028085365532512257 0 0
1028085239225040897 0 0
1028085181217796096 0 0
1028085007984734209 0 0
1028084665888821249 0 0
1028084648537088000 0 0
1028084421927161856 0 0
1028083935408939008 0 0
1028083792567652353 0 0
1028083774930604032 0 0
1028083743334924290 0 0
1028083713458855937 0 1
1028083708819980288 0 0
1028083594982375430 0 0
1028083019892969472 0 1
1028082921448460288 0 0
1028082890561605632 0 0
1028082887780851712 0 0
1028082868675739648 0 0
1028082823939289088 0 0
1028082779899097088 0 0
1028082286774743040 0 0
1028081481346822144 0 1
1028081449985957888 0 0
1028081405681524736 0 0
1028081369514033153 0 0
1028081214702272514 0 0
1028080884908343297 0 0
1028080852469608448 0 0
1028080739336638464 0 0
1028080633979973632 0 0
1028080263664787456 0 0
1028080259474710529 0 0
1028080011532619776 0 0
1028079885590220800 0 0
1028079652328300544 0 0
1028079599207428096 0 0
1028079568454803456 0 0
1028079480336613376 1 1
1028079478101045248 0 0
1028079431309438976 0 0
1028079429107429376 0 0
1028079422920843264 0 0
1028079405791236098 0 0
1028079199217565697 0 0
1028079032275886080 0 0
1028078849362259968 0 0
1028078845558054912 0 0
1028078813463306240 0 0
1028078687155933184 0 0
1028078488434049024 0 0
1028078337237737472 0 0
1028078250298302464 0 0
1028078179418664961 0 0
1028078068315840513 0 1
1028078032471216128 0 0
1028077974967312384 0 0
1028077442152329216 0 0
1028077263588184065 0 0
1028077179198832640 0 0
1028077025137811456 0 0
1028077017483247618 0 0
1028076984360828928 0 0
1028076940257677312 0 0
1028076896280444928 0 0
1028076852252827648 0 0
1028076488019431424 0 0
1028076470327902208 0 0
1028076105251532800 0 0
1028075889047744512 0 0
1028075858366365696 0 0
1028075773121327105 0 0
1028075552643538944 0 0
1028075415947042816 0 0
1028075385248837632 0 0
1028075246341906433 0 0
1028074810062987264 0 0
1028074718098743296 0 0
1028074443979907072 0 0
1028074371296849920 0 0
1028074176375009280 0 0
1028074145496489984 0 0
1028074074272976897 0 0
1028073981922799616 0 0
1028073950297829377 0 0
1028073932308459521 0 0
1028073671439441920 0 0
1028073538802995201 0 0
1028073407152193536 0 1
1028073336234889216 0 0
1028073333554728960 0 0
1028073257612730368 0 1
1028073240374128642 0 0
1028072932294062080 0 1
1028072900790706176 0 0
1028072818339020800 0 1
1028072642127908865 0 0
1028072621735178240 0 0
1028072563124056065 0 0
1028072545826664448 0 1
1028072499995496448 0 0
1028072286186696704 0 0
1028072117294718976 0 0
1028072100131569664 0 0
1028071966345900032 0 0
1028071826675494912 0 1
1028071795952242688 0 0
1028071764893392896 0 0
1028071281327923201 0 0
1028071142051831810 0 0
1028071084623462402 0 1
1028070992667537409 0 0
1028070907598622721 0 0
1028070890146123778 0 0
1028070858428833793 0 0
1028070637296791552 0 1
1028070297147043840 0 0
1028070265027063808 0 0
1028070262455951360 0 0
1028069959614832640 0 0
1028069859031040001 0 0
1028069694421360640 0 0
1028069555740889088 0 0
1028069553530535936 0 0
1028069450530996224 0 0
1028069296218357761 0 0
1028069085613940736 0 0
1028069083311267840 0 0
1028068984980045824 0 0
1028068923688726529 0 0
1028068864498618368 0 0
1028068765500497920 0 0
1028068495882248192 0 0
1028068446880260096 0 0
1028068429658447872 0 0
1028068205451825152 0 0
1028068106495713280 0 0
1028067855017762817 1 0
1028067784096342016 0 0
1028067600171843584 0 0
1028067414330630147 0 0
1028067313101156352 0 0
1028067310592917504 0 0
1028067009894871040 0 0
1028066978173317120 0 0
1028066930538700800 0 0
1028066727190355968 0 0
1028066622202818560 0 0
1028066560189952000 0 0
1028066488630968320 0 0
1028066169834459137 0 0
1028065866615676928 0 0
1028065821619175425 0 0
1028063180747165696 1 5
1028051315493023746 0 0
1028048323624591360 0 0
1028040708266110976 0 3
1028030559723765761 0 1
1028029530957664268 0 5
1028026872041492480 31142 154382
1028024120414334976 0 1
1028022323465646081 0 4
1028020490080641029 0 0
1027988812171898880 0 0
1027987538554679296 0 0
1027985302554595329 0 1
1027980978910687233 0 0
1027976875811819520 0 0
1027970381766963202 0 2
1027967697684815873 0 1
1027963039029452800 0 0
